0.12485462560044609;2.3076050486889018e-17;0.38079470198675497;0.0033112582781456954;0.004365936863490022;0.0033112582781456954;0.0;0.004966887417218543;0.9118401349079212;0.0066225165562914245;0.0;0.039735099337748346;0.033112582781456956;0.029801324503311258;0.9;0.8593037746831862;0.959476110071647;1
0.6232962751717988;1.388500705807383e-16;0.9370143149284254;0.37750511247443763;0.013993255087225435;0.0098159509202454;0.006543967280163599;0.014;0.7873425609201561;0.02200000000000002;0.016;0.106;0.00408997955010225;0.00408997955010225;1.0;0.8251644348019849;0.9462798882546657;1
0.47509786187442726;5.496414615368687e-15;0.8731433159373746;0.5945403452428744;0.028492686077771057;0.020473705339221198;0.015254917703733441;0.017;0.7876634498126097;0.03200000000000003;0.02;0.102;0.004014452027298274;0.004014452027298274;1.0;0.8091030729332389;0.939674503973221;0
0.8256412438018618;6.710654631096333e-26;0.02404809619238477;0.0;0.007721999107399152;0.004408817635270541;0.004408817635270541;0.012;0.9739740963200493;0.02200000000000002;0.012;0.07;0.004408817635270541;0.004408817635270541;1.0;0.9591527342542092;0.991143490908254;0
0.74554365880153;3.12040476769596e-14;0.22168867547018808;0.0860344137655062;0.012908687659423827;0.008403361344537815;0.008003201280512205;0.008;0.9571392516559525;0.016000000000000014;0.006;0.064;0.004001600640256103;0.004001600640256103;1.0;0.9165392786944025;0.9789752313654835;0
0.8299630929215223;2.1336726884414634e-20;0.019984012789768184;0.0;0.006822328799741;0.0035971223021582736;0.0035971223021582736;0.005;0.9795961323863946;0.010000000000000009;0.008;0.054;0.004396482813749001;0.004396482813749001;1.0;0.9656149704262235;0.9927798774925062;0
0.23280717799658154;5.236094680185398e-19;0.9159327461969575;0.020416333066453164;0.005416085377342404;0.003602882305844676;0.00040032025620496394;0.008;0.8489195562684291;0.016000000000000014;0.006;0.06;0.004403522818254604;0.004403522818254604;1.0;0.7838685793717806;0.9287804241614794;0
0.5093799744920852;3.162193112346253e-08;0.9491803278688524;0.6512295081967213;0.03286961859835549;0.020081967213114754;0.01557377049180328;0.017;0.8160784760171107;0.02400000000000002;0.034;0.136;0.004098360655737705;0.004098360655737705;1.0;0.7188490420088453;0.897726839322062;1
0.0;0.0;0.0;1.0;0.0;0.0;0.0;0.0;0.0;0.0;0.0;0.01282051282051282;0.1282051282051282;0.08974358974358974;0.7;0.0;1.0;0
0.9068938602897595;9.700755080580662e-08;0.9291784702549575;0.693342776203966;0.056657381599296744;0.03895184135977337;0.036827195467422094;0.055;0.8214808371646769;0.118;0.084;0.218;0.007082152974504249;0.007082152974504249;1.0;0.7724490959148049;0.9236410438027451;1
0.9558029841689485;0.0026951665071233027;0.9752066115702479;0.8858279767370677;0.03234469499257027;0.02295684113865932;0.016835016835016835;0.048;0.877946327684831;0.08399999999999996;0.066;0.18;0.0015304560759106215;0.0015304560759106215;1.0;0.8767193023217993;0.9657634630491623;1
0.8576652380415304;0.028740101500216535;0.9501023541453428;0.8845957011258956;0.1341502634960007;0.08520982599795292;0.06934493346980553;0.13;0.6765282691884257;0.256;0.18;0.406;0.00255885363357216;0.00255885363357216;1.0;0.619502511910559;0.8412994107588667;1
0.9942397007761161;3.8298213891541335e-06;0.8619003971891231;0.6611671249618087;0.036566177732253534;0.01924839596700275;0.030553009471432937;0.035;0.9254361271440159;0.06599999999999995;0.04;0.148;0.0030553009471432934;0.0030553009471432934;1.0;0.8628005466342836;0.9607627771991049;1
0.8645476039805999;0.2155978126833229;0.9621608468183477;0.9451271444214625;0.062217258077921556;0.04197590947803869;0.03881250760433143;0.11;0.7159881450450698;0.22999999999999998;0.142;0.354;0.0012166930283489476;0.0012166930283489476;1.0;0.7503700202403891;0.9133282938753727;1
0.9732690982916868;1.137696722377672e-05;0.8597875569044006;0.6898330804248862;0.030130841712514598;0.019929185634800204;0.020738492665655032;0.033;0.9050201381266613;0.062000000000000055;0.048;0.126;0.0010116337885685382;0.0010116337885685382;1.0;0.879348375340382;0.9666861996819833;1
0.5812319931104156;8.273057979305342e-20;0.10764872521246459;0.0;0.01861440088347919;0.0056657223796034;0.0084985835694051;0.007082152974504249;0.8287252800803999;0.014164305949008527;0.0113314447592068;0.036827195467422094;0.028328611898016998;0.0226628895184136;0.8;0.9105040855026686;0.9770803746603511;1
0.0;0.0;0.0;1.0;0.0;0.0;0.0;0.0;0.0;0.0;0.0;0.0033112582781456954;0.033112582781456956;0.019867549668874173;0.6;0.0;1.0;0
0.0;0.0;0.0;1.0;0.0;0.0;0.0;0.0;0.0;0.0;0.0;0.002898550724637681;0.028985507246376812;0.011594202898550725;0.4;0.0;1.0;0
0.6801596527604191;8.369182259854893e-22;0.13928329952670723;0.0;0.00467539905269694;0.002704530087897228;0.001352265043948614;0.003;0.8790912906129023;0.010000000000000009;0.006;0.03;0.0067613252197430695;0.004732927653820149;0.7;0.9789316943054679;0.9959349761427716;1
0.6341901781906714;0.0;0.0;0.0;0.0014858841010401186;0.001488095238095238;0.0;0.001;0.9487873656095488;0.0020000000000000018;0.002;0.004;0.01488095238095238;0.010416666666666666;0.7;0.9838780677127921;0.9970193806886075;0
0.6283102151987898;1.6764536405262532e-25;0.19676214196762143;0.0;0.005245814231090527;0.0037359900373599006;0.0037359900373599006;0.005;0.9796543179098584;0.010000000000000009;0.006;0.046;0.012453300124533;0.009962640099626401;0.8;0.9644920657229635;0.9925001054672669;1
0.9687930856011632;3.535452390984977e-18;0.38860103626943004;0.0;0.019429302430479554;0.012435233160621761;0.007253886010362694;0.012;0.9035404888781898;0.02400000000000002;0.014;0.05;0.010362694300518135;0.00932642487046632;0.9;0.9307682197234447;0.9832822549739986;1
0.0;0.0;0.0;1.0;0.0;0.0;0.0;0.0;0.0;0.0;0.0;0.0031746031746031746;0.031746031746031744;0.012698412698412698;0.4;0.0;1.0;0
0.0;0.0;0.0;1.0;0.0;0.0;0.0;0.0;0.0;0.0;0.0;0.002;0.015360983102918587;0.010752688172043012;0.7;0.0;1.0;1
0.9765718941377144;4.738263075974192e-22;0.2758893280632411;0.0;0.0052850215272456855;0.0035573122529644267;0.005928853754940711;0.009;0.9683394346718586;0.018000000000000016;0.01;0.062;0.003952569169960474;0.0035573122529644267;0.9;0.9793986915265878;0.9960396194897775;1
0.9376937031171187;2.2393391409909322e-20;0.5894909688013136;0.35073891625615766;0.11008086751614451;0.07257799671592775;0.07192118226600985;0.05;0.728999058803972;0.08799999999999997;0.072;0.15;0.003284072249589491;0.002627257799671593;0.8;0.6197185805957282;0.8414349574067306;1
0.8746428222605158;1.1664714922685258e-14;0.42369477911646586;0.3253012048192771;0.14987981555688298;0.17269076305220885;0.09437751004016064;0.10843373493975904;0.6236238611609382;0.22289156626506024;0.19477911646586346;0.2891566265060241;0.020080321285140562;0.014056224899598393;0.7;0.19353085643682422;0.4077198659424477;1
0.3986948727117339;9.685792773952318e-08;0.3783783783783784;0.2702702702702703;0.11288998919833931;0.12474012474012475;0.056133056133056136;0.0893970893970894;0.5951221924720006;0.15176715176715172;0.14760914760914762;0.21413721413721415;0.02079002079002079;0.010395010395010396;0.5;0.22065016270791504;0.4495412844036697;0
0.5610420195499227;1.1138728062752218e-14;0.42209072978303747;0.3175542406311637;0.1793539500667121;0.19723865877712032;0.15187376725838264;0.098;0.7314751275905762;0.17000000000000004;0.176;0.268;0.01972386587771203;0.009861932938856016;0.5;0.28764099181766845;0.5416900689303037;1
0.6351150000200383;3.3202354310887894e-08;0.4527938342967245;0.3737957610789981;0.17872976090734108;0.18304431599229287;0.16184971098265896;0.11;0.6950696630640504;0.19399999999999995;0.176;0.272;0.019267822736030827;0.009633911368015413;0.5;0.31748430101273617;0.578277323565272;0
0.6217171303401596;9.637728755734186e-16;0.422;0.308;0.1700616860481878;0.17;0.17;0.096;0.7469260163634625;0.15400000000000003;0.22;0.246;0.02;0.01;0.5;0.3422952212557805;0.6068542769573697;0
0.9829624687296065;9.82018436509096e-12;0.4944337811900192;0.27600767754318617;0.03773084332586858;0.020857325655790147;0.020857325655790147;0.012;0.9800270682021263;0.02400000000000002;0.012;0.038;0.0012795905310300703;0.00038387715930902113;0.3;0.8537725027404994;0.9574160818548783;0
0.9421997354595782;0.015980102198851102;0.9619515539305301;0.9037934186471663;0.13738336777035462;0.08420932358318099;0.08980804387568556;0.101;0.7375488277568932;0.18200000000000005;0.132;0.304;0.0011425959780621572;0.0011425959780621572;1.0;0.5958752131644014;0.826114093106653;1
0.9313357919651846;3.3873711939599057e-15;0.01016260162601626;0.0;0.0018982355330011197;0.0010162601626016261;0.0010162601626016261;0.004;0.9673182295489899;0.008000000000000007;0.006;0.072;0.011178861788617886;0.01016260162601626;0.9090909090909091;0.9249207318904649;0.9815400344586024;0
0.6631852074682818;1.452271567784725e-10;0.8670626792298238;0.00020483408439164277;0.013405595749254472;0.009217533797623925;0.009012699713232281;0.009;0.8856481056248532;0.020000000000000018;0.014;0.074;0.0022531749283080703;0.0022531749283080703;1.0;0.8616065376024925;0.9603247963719346;1
0.5899909475687433;5.041429382404915e-22;0.9344986939923648;0.0;0.008767561388284724;0.004219409282700422;0.0022101667671287923;0.01;0.8901149080005375;0.01200000000000001;0.008;0.098;0.0022101667671287923;0.0022101667671287923;1.0;0.8752927809747146;0.9652598748421449;1
0.0;0.0;0.0;1.0;0.0;0.0;0.0;0.0;0.0;0.0;0.0;0.002;0.00221953188054883;0.0010088781275221952;0.45454545454545453;0.0;1.0;0
0.0;0.0;0.0;1.0;0.0;0.0;0.0;0.0;0.0;0.0;0.0;0.002;0.0022044088176352704;0.001002004008016032;0.45454545454545453;0.0;1.0;0
0.9767886827175029;1.3667360950635298e-20;0.49518652226233456;0.03890894504612916;0.0039648961509564035;0.0020056157240272766;0.0020056157240272766;0.0;0.0;0.0;0.0;0.002;0.002206177296430004;0.002206177296430004;1.0;0.9791356069005475;0.9959807236280624;1
0.7917606497841085;5.2067443907063695e-06;0.9063252352812432;0.45173998686802364;0.06497745841931928;0.05624863208579558;0.05975049244911359;0.027;0.8627234109797488;0.05400000000000005;0.06;0.132;0.0024075289997811337;0.0024075289997811337;1.0;0.6339375142157384;0.850225823939447;1
0.0;0.0;0.0;1.0;0.0;0.0;0.0;0.0;0.0;0.0;0.0;0.002;0.003683858004018754;0.0010046885465505692;0.2727272727272727;0.0;-inf;1
0.0;0.0;0.0;1.0;0.0;0.0;0.0;0.0;0.0;0.0;0.0;0.002;0.003629165291982844;0.0006598482349059716;0.18181818181818182;0.0;-inf;1
0.9246152611382483;0.16717403874351075;0.9879799666110184;0.9606010016694491;0.09544019232922454;0.08781302170283806;0.08380634390651086;0.13;0.5670149834439627;0.258;0.158;0.414;0.003672787979966611;0.003672787979966611;1.0;0.5476277455383315;0.7927575614955068;1
0.999877243455627;0.0;0.00017328019407381737;0.00017328019407381737;0.00017325017325017325;0.00017328019407381737;0.00017328019407381737;0.0;0.0;0.0;0.0;0.002;0.001906082134811991;0.0005198405822214521;0.2727272727272727;0.9975849634978164;0.9996533795598047;1
0.0;0.0;0.0;1.0;0.0;0.0;0.0;0.0;0.0;0.0;0.0;0.002;0.0018704301989457576;0.0003400782179901377;0.18181818181818182;0.0;-inf;1
0.0;0.0;0.0;1.0;0.0;0.0;0.0;0.0;0.0;0.0;0.0;0.002;0.00078064012490242;0.0004967709885742673;0.6363636363636364;0.0;1.0;0
0.7670821255455175;0.0003399029878952017;0.9743266876530255;0.8938090241343127;0.02990364553145791;0.019307450157397692;0.020076949982511368;0.031;0.8418306203938536;0.06399999999999995;0.046;0.132;0.0007694998251136762;0.0007694998251136762;1.0;0.8266939513009883;0.9468956611443806;1
0.8999404437281441;0.04545077998707946;0.9756405756405756;0.902000702000702;0.04185023438449786;0.026605826605826607;0.026325026325026327;0.035;0.8881187062682495;0.06799999999999995;0.042;0.154;0.0007722007722007722;0.0007722007722007722;1.0;0.8247526638943439;0.9461137187303028;1
0.6847509630870011;3.590603463436735e-14;0.8880903490759754;0.5379876796714579;0.044705269091463044;0.022587268993839837;0.013347022587268994;0.028;0.8404947499001779;0.052000000000000046;0.026;0.12;0.011293634496919919;0.011293634496919919;1.0;0.7344661999256221;0.905587677484553;0
0.8555624166777717;1.956074227080913e-20;0.8162393162393162;0.5747863247863247;0.032613371860304975;0.018162393162393164;0.017094017094017096;0.021;0.9222436003020685;0.04200000000000004;0.02;0.096;0.011752136752136752;0.011752136752136752;1.0;0.8752024245072206;0.9652279083830977;1
0.8768354395422666;2.185881109711936e-15;0.29506545820745217;0.002014098690835851;0.033765559343888085;0.011077542799597181;0.010070493454179255;0.016;0.9417171655108701;0.028000000000000025;0.02;0.09;0.011077542799597181;0.011077542799597181;1.0;0.8993459601034018;0.9734740554816989;1
0.7364230048415099;4.874187829361533e-13;0.5310907237512742;0.18144750254842;0.04306162110520799;0.023445463812436288;0.029561671763506627;0.022;0.8737439486064347;0.038000000000000034;0.036;0.104;0.011213047910295617;0.011213047910295617;1.0;0.8129719365165284;0.9412888768120327;1
0.750270254244842;3.8769356930825903e-17;0.29819277108433734;0.06526104417670683;0.030606941396224194;0.025100401606425703;0.02108433734939759;0.024;0.91290139712478;0.04200000000000004;0.044;0.12;0.01104417670682731;0.01104417670682731;1.0;0.8308087035608386;0.948540805921994;1
0.6566195382057557;2.0541359277062947e-16;0.926;0.489;0.02831370265102589;0.027;0.028;0.022;0.777711434335179;0.03200000000000003;0.032;0.108;0.011;0.011;1.0;0.7577078109175852;0.9168110918544194;1
0.803685354679065;1.3995440588713062e-19;0.2825;0.0;0.008438964708610637;0.0055;0.0055;0.013;0.9365129166648003;0.02400000000000002;0.02;0.078;0.0055;0.0055;1.0;0.9508020984895765;0.9889395037007341;1
0.9446110652641987;3.352795394927702e-08;0.9274193548387096;0.5967741935483871;0.24620060790273554;0.32661290322580644;0.32661290322580644;0.22983870967741934;0.6311354482732365;0.06854838709677424;0.39919354838709675;0.2903225806451613;0.04435483870967742;0.008064516129032258;0.18181818181818182;0.08857170201966236;0.2146879535558781;1
0.2892358294421829;0.0;0.0;0.0;0.11798970286898959;0.10714285714285714;0.03571428571428571;0.10714285714285714;0.3758861489995276;0.0;0.10714285714285714;0.10714285714285714;0.39285714285714285;0.03571428571428571;0.09090909090909091;0.323058130219114;0.5848375451263538;1
0.662404385039876;2.8578341385804787e-16;0.36781029263370335;0.0;0.00254688262846283;0.0020181634712411706;0.0005045408678102926;0.006;0.8460291379650817;0.010000000000000009;0.014;0.034;0.005549949545913219;0.004540867810292634;0.8181818181818182;0.9661459560977008;0.9929114814516671;0
0.5051347026403042;1.112507687628156e-25;0.577;0.004;0.0020306094699523605;0.001;0.0;0.006;0.8337790265316112;0.006000000000000005;0.014;0.048;0.011;0.01;0.9090909090909091;0.9062220901522283;0.9757120849585368;1
0.0;0.0;0.0;1.0;0.0;0.0;0.0;0.0;0.0;0.0;0.0;0.002;0.011022044088176353;0.004008016032064128;0.36363636363636365;0.0;1.0;0
0.0;0.0;0.0;1.0;0.0;0.0;0.0;0.0;0.0;0.0;0.0;1.0;11.0;1.0;0.09090909090909091;0.0;-inf;1
0.6391558316316772;0.00017233352070423214;0.8979591836734694;0.0;0.01813478770216844;0.013205282112845138;0.007202881152460984;0.009;0.8628171910991482;0.014000000000000012;0.004;0.082;0.0014005602240896359;0.0014005602240896359;1.0;0.7585524190409874;0.9172084163668472;1
0.5586700110286602;0.0004349773399219568;0.9259703881552621;0.133453381352541;0.00794727768599154;0.005402160864345739;0.0024009603841536613;0.005;0.8983308442482696;0.006000000000000005;0.01;0.052;0.0014005602240896359;0.0014005602240896359;1.0;0.8197943297167627;0.944099682384559;1
0.8692091473369468;6.948447337977148e-06;0.7761194029850746;0.39945011783189316;0.009914948292316077;0.007855459544383346;0.005106048703849175;0.011;0.8841083266093003;0.018000000000000016;0.026;0.1;0.0027494108405341712;0.002356637863315004;0.8571428571428571;0.8952822741889053;0.9721280754338566;1
0.7897753655489764;0.0013656344523897232;0.9325139146567718;0.7047773654916512;0.058728701150275904;0.036873840445269014;0.03965677179962894;0.019;0.7541640186909356;0.026000000000000023;0.054;0.12;0.0016233766233766235;0.0016233766233766235;1.0;0.6668006396511488;0.8695979203856123;1
0.9438769054341866;0.017361643835977884;0.9738543716615126;0.8436885015462469;0.06023611455139414;0.03439227813700684;0.03532939743229313;0.018;0.7134254115217652;0.028000000000000025;0.062;0.14;0.000655983506700403;0.000562271577171774;0.8571428571428571;0.7684844462027031;0.9218259062615441;1
0.989922005104927;0.005718162538428003;0.9638361826037949;0.5868870937441293;0.049707063226464863;0.027146346045463086;0.027146346045463086;0.01;0.7659252631461075;0.01200000000000001;0.04;0.088;0.0006575239526582754;0.0005635919594213789;0.8571428571428571;0.8201274526769777;0.9442357530630604;1
0.0;0.0;0.0;1.0;0.0;0.0;0.0;0.0;0.0;0.0;0.0;0.002;0.0026217228464419477;0.0011235955056179776;0.42857142857142855;0.0;1.0;0
0.0;0.0;0.0;1.0;0.0;0.0;0.0;0.0;0.0;0.0;0.0;0.002;0.002616822429906542;0.0011214953271028037;0.42857142857142855;0.0;1.0;0
0.0;0.0;0.0;1.0;0.0;0.0;0.0;0.0;0.0;0.0;0.0;0.002;0.0013096351730589337;0.0005612722170252573;0.42857142857142855;0.0;1.0;0
0.0;0.0;0.0;1.0;0.0;0.0;0.0;0.0;0.0;0.0;0.0;0.002;0.0013062138458667662;0.0005598059339428998;0.42857142857142855;0.0;1.0;0
0.0;0.0;0.0;1.0;0.0;0.0;0.0;0.0;0.0;0.0;0.0;0.002;0.0006539000467071462;0.0002802428771602055;0.42857142857142855;0.0;1.0;0
0.0;0.0;0.0;1.0;0.0;0.0;0.0;0.0;0.0;0.0;0.0;0.002;0.0006574004507888805;0.0003756574004507889;0.5714285714285714;0.0;1.0;0
0.0;0.0;0.0;1.0;0.0;0.0;0.0;0.0;0.0;0.0;0.0;0.002;0.000748182984181274;0.00010688328345446772;0.14285714285714285;0.0;-inf;1
0.0;0.0;0.0;1.0;0.0;0.0;0.0;0.0;0.0;0.0;0.0;0.002;0.000749063670411985;0.00010700909577314071;0.14285714285714285;0.0;-inf;1
0.0;0.0;0.0;1.0;0.0;0.0;0.0;0.0;0.0;0.0;0.0;0.002;0.003001715265866209;0.0008576329331046312;0.2857142857142857;0.0;-inf;1
0.0;0.0;0.0;1.0;0.0;0.0;0.0;0.0;0.0;0.0;0.0;0.002;0.0029774564015312634;0.0004253509145044662;0.14285714285714285;0.0;-inf;1
0.0;0.0;0.0;1.0;0.0;0.0;0.0;0.0;0.0;0.0;0.0;0.002;0.0014934926392148496;0.0002133560913164071;0.14285714285714285;0.0;-inf;1
0.0;0.0;0.0;1.0;0.0;0.0;0.0;0.0;0.0;0.0;0.0;0.002;0.0014874628134296643;0.00021249468763280918;0.14285714285714285;0.0;-inf;1
0.5988946060929939;1.42890828135424e-06;0.825925925925926;0.4962962962962963;0.01681237901369021;0.009259259259259259;0.012962962962962963;0.008;0.9356604058436282;0.016000000000000014;0.008;0.052;0.012962962962962963;0.012962962962962963;1.0;0.826470249757609;0.9468057441705915;1
0.5747946404451679;1.4979123660055015e-05;0.7948243992606284;0.4898336414048059;0.019528700580051673;0.011090573012939002;0.0073937153419593345;0.006;0.9204038891858732;0.006000000000000005;0.01;0.054;0.012939001848428836;0.012939001848428836;1.0;0.8267210236068605;0.9469065395340469;1
0.4966743086815287;1.3117349816926407e-06;0.7689530685920578;0.26353790613718414;0.0377767285413923;0.021660649819494584;0.02527075812274368;0.009025270758122744;0.844549222944397;0.018050541516245522;0.032490974729241874;0.09386281588447654;0.02527075812274368;0.021660649819494584;0.8571428571428571;0.6530881463579563;0.8616719827905942;1
0.7431638641466476;1.4521687357765605e-07;0.5036496350364964;0.24452554744525548;0.04514518851067906;0.029197080291970802;0.032846715328467155;0.0072992700729927005;0.9134232456988105;0.014598540145985384;0.010948905109489052;0.07664233576642336;0.025547445255474453;0.021897810218978103;0.8571428571428571;0.7915270068839244;0.9321537279890764;1
0.7564107832918069;7.990509411169016e-06;0.6985294117647058;0.35294117647058826;0.026294123554249902;0.014705882352941176;0.022058823529411766;0.011029411764705883;0.9238245688036395;0.018382352941176516;0.022058823529411766;0.0625;0.025735294117647058;0.01838235294117647;0.7142857142857143;0.8471507721601141;0.9549101593400384;1
0.8516177234896309;3.420779950002137e-06;0.34035087719298246;0.021052631578947368;0.02963567250485375;0.017543859649122806;0.017543859649122806;0.010526315789473684;0.9602010820734019;0.01754385964912286;0.017543859649122806;0.08070175438596491;0.02456140350877193;0.017543859649122806;0.7142857142857143;0.8725814882076413;0.9642970991393051;1
0.6417575412955743;0.0;0.0;0.0;0.008156476187896396;0.007194244604316547;0.0035971223021582736;0.0035971223021582736;0.9652418004070207;0.007194244604316502;0.01079136690647482;0.02158273381294964;0.025179856115107913;0.01079136690647482;0.42857142857142855;0.9140050956774619;0.9781844144167967;10.8510498936406029;0.2830847396530885;0.9535814325730292;0.8807523009203682;0.06668296584417119;0.041616646658663464;0.04601840736294518;0.035;0.8420631070426907;0.06000000000000005;0.052;0.258;0.0028011204481792717;0.0028011204481792717;1.0;0.7118208733075451;0.8941038656774698;1
0.9800436016077891;0.10011447296494302;0.9485691414848909;0.8647188312987792;0.02795078786914047;0.016009605763458074;0.016009605763458074;0.046;0.8654144538029385;0.07999999999999996;0.06;0.262;0.0014008405043025814;0.0012007204322593557;0.8571428571428571;0.8815929104298021;0.9674684448422214;1
0.903728320006858;0.03430971774299983;0.8517205148410822;0.7098765432098766;0.08097745770645179;0.054242185447859206;0.056868925663251906;0.015;0.7927542192786575;0.02200000000000002;0.032;0.116;0.0009193590753874441;0.0007880220646178094;0.8571428571428571;0.6729931780439371;0.8731050891341999;1
0.9516116006710191;0.26779974233705756;0.9861375237713943;0.9594635171654489;0.08950541955575828;0.05424882394154739;0.05424882394154739;0.051;0.7226387905847089;0.08199999999999996;0.082;0.24;0.00035031528375537984;0.000300270243218897;0.8571428571428571;0.6958214384922266;0.885655087085895;1
0.818634230113888;0.004290899066290573;0.8791758351670335;0.6633326665333067;0.03703713937167512;0.025805161032206442;0.023604720944188837;0.009;0.9259749977176814;0.014000000000000012;0.008;0.072;0.0014002800560112022;0.0014002800560112022;1.0;0.8355607117151589;0.9504200104789995;1
0.9714652394181474;0.535202615543306;0.9741843759353487;0.966377332136087;0.05335524853606251;0.03030529781502544;0.03030529781502544;0.058;0.7442701403093174;0.09399999999999997;0.092;0.234;0.00017459842362566098;0.000149655791679138;0.8571428571428571;0.8040793916926344;0.9375561668144738;1
0.9850062801457744;0.0072483616580724195;0.9227691076430572;0.7098839535814325;0.05743652848839659;0.03241296518607443;0.03241296518607443;0.012;0.9067823902907428;0.020000000000000018;0.024;0.094;0.0028011204481792717;0.0028011204481792717;1.0;0.7936479647568478;0.9330775795130427;1
0.9166826748913104;0.04431788386022135;0.7777777777777778;0.7051484108221697;0.060776900024021994;0.0365116889939585;0.03729971105857631;0.027;0.8144195770598162;0.04200000000000004;0.048;0.144;0.0009193590753874441;0.0007880220646178094;0.8571428571428571;0.767157424789658;0.9212147881918332;1
0.9928471243479038;0.029383133775380477;0.8579147488493096;0.7040224134480688;0.02926716019965953;0.015409245547328396;0.015409245547328396;0.025;0.8798631117315998;0.04600000000000004;0.04;0.174;0.0014008405043025814;0.0012007204322593557;0.8571428571428571;0.8851767425609683;0.9687068517861293;1
0.9868679605786905;0.06820113772499523;0.9730622872020829;0.9029641498097336;0.021022813443596532;0.011115561786501102;0.011115561786501102;0.017;0.9045048521809338;0.03200000000000003;0.03;0.134;0.0007009813739234929;0.0006008411776487082;0.8571428571428571;0.9118989208721768;0.9775218274360049;1
0.9882262079043199;0.004765167232975621;0.9236145781328008;0.7761357963055416;0.033166775502275474;0.01777333999001498;0.01777333999001498;0.012;0.9304276656305505;0.020000000000000018;0.024;0.096;0.0006989515726410385;0.0006989515726410385;1.0;0.8712510089708807;0.9638219503816872;1
0.992628900070696;0.037458295748384884;0.9591427999198878;0.8473863408772281;0.03129328477410755;0.016723412777889045;0.016723412777889045;0.024;0.8795318192488509;0.030000000000000027;0.044;0.184;0.0007009813739234929;0.0006008411776487082;0.8571428571428571;0.8773747273877855;0.965994152880554;1
0.9876962189573204;0.0013449882330762977;0.926558157999206;0.7276697102024613;0.0419660097854517;0.02262802699483922;0.02262802699483922;0.018;0.8858828087081004;0.03600000000000003;0.028;0.128;0.00277888050813815;0.0023818975784041284;0.8571428571428571;0.8440477910633468;0.9537209880203334;1
0.992323839250844;0.0033497516455737518;0.8375350140056023;0.6306522609043618;0.031074270375147137;0.01640656262505002;0.01640656262505002;0.022;0.9123808314479871;0.04400000000000004;0.036;0.124;0.0028011204481792717;0.0024009603841536613;0.8571428571428571;0.8792414952679756;0.9666488236428064;1
0.9583449680259499;0.00044072686522811914;0.7087747351589047;0.5504697181690985;0.020382749172919545;0.011193284029582251;0.011193284029582251;0.014;0.9219023614819526;0.030000000000000027;0.03;0.096;0.0013991605036977814;0.0013991605036977814;1.0;0.9113960532667287;0.9773629169374257;1
0.9509682063845392;0.005624764923558578;0.9320407755346792;0.7593443933639816;0.040938334864328574;0.022586448131121328;0.022586448131121328;0.017;0.9002525788779219;0.028000000000000025;0.03;0.106;0.0013991605036977814;0.0013991605036977814;1.0;0.8442737340183989;0.9538078975479448;1
0.9202184354124034;0.013518867113763343;0.9455673404042425;0.8188913348008805;0.01578122115525762;0.010006003602161296;0.010606363818290974;0.015;0.9262127017081818;0.028000000000000025;0.028;0.098;0.0014008405043025814;0.0012007204322593557;0.8571428571428571;0.9152133319751543;0.9785623341621689;1
0.8159340512392618;0.0010268351849576536;0.528307538691962;0.3561657513729406;0.017820332732019436;0.011982026959560658;0.012980529206190713;0.006;0.9568677402086286;0.01200000000000001;0.006;0.064;0.0006989515726410385;0.0006989515726410385;1.0;0.8969337795441255;0.9726771660600132;1
0.9943729866026043;0.3067957673847318;0.9636491087522532;0.9086721409973963;0.04673226926805408;0.02533546965752053;0.02533546965752053;0.028;0.8959964637804343;0.038000000000000034;0.036;0.174;0.0007009813739234929;0.0007009813739234929;1.0;0.8295692924895491;0.948047022332268;1
0.9959966088736234;0.027110073486630484;0.8560272326792151;0.7260712855426512;0.021852918359328094;0.011413696435722867;0.011413696435722867;0.022;0.9031800431262046;0.040000000000000036;0.046;0.2;0.0014016820184221065;0.0012014417300760913;0.8571428571428571;0.9099742366707434;0.9769121316468515;0
0.9830790741631338;0.23507358326655917;0.8938;0.8212;0.031034777085661405;0.0168;0.0168;0.026;0.8893682482690554;0.050000000000000044;0.042;0.156;0.0014;0.0012;0.8571428571428571;0.8769248309596347;0.9658358495236558;1
0.9730532125678913;0.18106770374534173;0.953;0.8544;0.03543236111572009;0.0194;0.0194;0.025;0.8746915245173102;0.050000000000000044;0.058;0.19;0.0014;0.0012;0.8571428571428571;0.8619416643767239;0.9604478689971374;1
0.7364597636265758;2.9823390514831846e-05;0.1;0.0;0.02476758329477698;0.02;0.02;0.015;0.9306861559270877;0.040000000000000036;0.03;0.09;0.07;0.05;0.7142857142857143;0.8056081421684238;0.9382034402208537;0
0.7963853516990386;8.882233179837122e-11;0.04;0.0;0.018782146199456097;0.01;0.02;0.015;0.9515862169478565;0.030000000000000027;0.02;0.07;0.07;0.05;0.7142857142857143;0.8585594574581793;0.9592006661115737;0
0.8933785550416828;0.042196480471918624;0.8087649402390438;0.545816733067729;0.04838324160046983;0.03187250996015936;0.03187250996015936;0.01593625498007968;0.9246636806614317;0.031872509960159334;0.03187250996015936;0.12749003984063745;0.027888446215139442;0.02390438247011952;0.8571428571428571;0.7963028140819163;0.9342276656573004;1
0.9782611743341422;0.31457466831280523;0.9213528116870122;0.8601160696417851;0.03970761574856342;0.021813087852711625;0.021813087852711625;0.016;0.9305904994573895;0.026000000000000023;0.024;0.132;0.0014008405043025814;0.0012007204322593557;0.8571428571428571;0.8484970515315996;0.9554231486429814;1
0.971599973343321;0.3868872821048143;0.9691938387677536;0.9109821964392879;0.04692687791008094;0.02600520104020804;0.02600520104020804;0.02;0.903335694735139;0.04200000000000004;0.036;0.154;0.0014002800560112022;0.001200240048009602;0.8571428571428571;0.8260556962518802;0.94663898394124;1
0.9686321946787443;0.026991801377545935;0.8678;0.6802;0.028073499704609706;0.0152;0.0152;0.024;0.8774370462759483;0.04800000000000004;0.038;0.198;0.0014;0.0012;0.8571428571428571;0.8864338164327867;0.9691381401074868;1
0.9722250725405351;0.018297204100242243;0.8771508603441377;0.737094837935174;0.03253464247592358;0.017607042817126852;0.017607042817126852;0.022;0.895799064259671;0.04200000000000004;0.04;0.18;0.0028011204481792717;0.0024009603841536613;0.8571428571428571;0.8722147280033671;0.9641662966471337;1
0.9769132337244929;0.1279097272448138;0.8927571028411364;0.7683073229291717;0.03451270332151889;0.018807523009203683;0.018807523009203683;0.022;0.9018542022738867;0.038000000000000034;0.036;0.192;0.0028011204481792717;0.0024009603841536613;0.8571428571428571;0.8653082547290807;0.9616780277970968;1
0.0;0.0;0.0;1.0;0.0;0.0;0.0;0.0;0.0;0.0;0.0;0.002;0.0028011204481792717;0.001600640256102441;0.5714285714285714;0.0;1.0;0
0.9438274591565236;0.08766887296139383;0.9203681472589036;0.7250900360144058;0.05108630949519141;0.02921168467386955;0.02921168467386955;0.019;0.8713473964857018;0.03200000000000003;0.042;0.154;0.0028011204481792717;0.0024009603841536613;0.8571428571428571;0.8095770415245803;0.9398730733745219;1
0.974970138370618;0.14195528960561446;0.961484593837535;0.8804521808723489;0.016228193334409533;0.008503401360544218;0.008503401360544218;0.022;0.8932159880948491;0.040000000000000036;0.038;0.174;0.0007002801120448179;0.0005002000800320128;0.7142857142857143;0.9293002727662313;0.9828486028819055;1
0.9798833886595402;0.15915702692132652;0.8611444577831132;0.7306922769107643;0.036523328811941515;0.020008003201280513;0.020008003201280513;0.032;0.9015929459992108;0.05800000000000005;0.05;0.2;0.0028011204481792717;0.0024009603841536613;0.8571428571428571;0.8585145241621632;0.9591840204023232;1
0.9875820579526108;0.12050368286278401;0.9545727436461877;0.8451070642385431;0.042891846725215926;0.023814288573143886;0.023814288573143886;0.023;0.8939253671414458;0.04400000000000004;0.048;0.16;0.0014008405043025814;0.0012007204322593557;0.8571428571428571;0.8376482930602759;0.9512385314068665;1
0.9688324890868089;0.2924368177817062;0.9759663528940516;0.9388143400761065;0.038020843434452986;0.02112958141397957;0.02112958141397957;0.029;0.8288999964369067;0.05800000000000005;0.048;0.21;0.0007009813739234929;0.0006008411776487082;0.8571428571428571;0.8522633027160238;0.9568487504585222;1
0.8534953075584714;0.0028143770244628804;0.9289400555776102;0.7455339420404923;0.0331406517679502;0.020643112346169116;0.02421595871377531;0.016;0.8727713945862818;0.030000000000000027;0.034;0.104;0.00277888050813815;0.00277888050813815;1.0;0.8355014222087276;0.9503967010091002;1
0.775014345058054;0.004430815051963789;0.7792774910678841;0.5664946407304486;0.008024079962516438;0.005160778086542279;0.0059547439460103215;0.011;0.9033775068857254;0.020000000000000018;0.016;0.08;0.00277888050813815;0.0023818975784041284;0.8571428571428571;0.9277241883879368;0.9823802223817748;1
0.9501008454125478;0.0029277428517466312;0.9016590045972417;0.7355586648011193;0.0265774998018025;0.015190885468718768;0.015190885468718768;0.019;0.9081891333456866;0.038000000000000034;0.034;0.102;0.0013991605036977814;0.0011992804317409553;0.8571428571428571;0.8864886688381672;0.9691569226359344;1
0.8865535165577261;0.1062616567611007;0.9657794676806084;0.8891334800880528;0.02958062995428057;0.017010206123674206;0.017010206123674206;0.019;0.9097345184430115;0.026000000000000023;0.034;0.148;0.0014008405043025814;0.0012007204322593557;0.8571428571428571;0.8756926427574133;0.9654012400015927;1
0.0;0.0;0.0;1.0;0.0;0.0;0.0;0.0;0.0;0.0;0.0;1.0;7.0;1.0;0.14285714285714285;0.0;1.0;0
0.8044178291389901;0.008513877581887437;0.865546218487395;0.7022809123649459;0.027495298382861143;0.01840736294517807;0.018807523009203683;0.03;0.8596747343663687;0.04800000000000004;0.062;0.194;0.0028011204481792717;0.0024009603841536613;0.8571428571428571;0.8430650096502426;0.9533423736381093;1
0.877765607913884;2.540481352459904e-06;0.5943775100401606;0.0;0.019292081282066595;0.01606425702811245;0.014056224899598393;0.007028112449799197;0.9572465887025517;0.010040160642570295;0.01606425702811245;0.06224899598393574;0.014056224899598393;0.010040160642570281;0.7142857142857143;0.8695242833628891;0.9632026488072842;1
0.9012648841914996;4.504067310859884e-07;0.04780876494023904;0.00398406374501992;0.014945142415774293;0.0099601593625498;0.0099601593625498;0.005;0.9789415231805312;0.010000000000000009;0.01;0.04;0.013944223107569721;0.01195219123505976;0.8571428571428571;0.9194710977043934;0.979881311884194;1
0.8537560279977978;0.00034375853453188246;0.04940711462450593;0.0;0.019527502212148905;0.01383399209486166;0.015810276679841896;0.005;0.9674720234536702;0.006000000000000005;0.014;0.048;0.01383399209486166;0.009881422924901186;0.7142857142857143;0.8827790778153821;0.9678797749004305;0
0.8047811342064694;2.4849184850206835e-07;0.011881188118811881;0.0;0.012415031400222426;0.009900990099009901;0.005940594059405941;0.006;0.9676064515759581;0.006000000000000005;0.01;0.048;0.013861386138613862;0.009900990099009901;0.7142857142857143;0.8825925305914493;0.9678151801289497;0
0.8444932966412866;0.0008586858604472693;0.4079207920792079;0.0;0.02198250612424825;0.015841584158415842;0.01782178217821782;0.008;0.9620375328530029;0.014000000000000012;0.014;0.06;0.013861386138613862;0.011881188118811881;0.8571428571428571;0.8709707094199932;0.9637216219620719;1
0.915324180024274;0.0005434750046425805;0.4550898203592814;0.005988023952095809;0.028877136812347878;0.017964071856287425;0.021956087824351298;0.01;0.9589344821517692;0.020000000000000018;0.016;0.068;0.013972055888223553;0.011976047904191617;0.8571428571428571;0.8477131228053302;0.955124656045891;0
0.8021249583374769;0.00028330794774173264;0.054878048780487805;0.0;0.00768987967720337;0.006097560975609756;0.0020325203252032522;0.006097560975609756;0.9566933559045893;0.010162601626016232;0.012195121951219513;0.06097560975609756;0.014227642276422764;0.012195121951219513;0.8571428571428571;0.868255951958848;0.9627458542229078;1
0.9181866961418789;0.0;0.0;0.0;0.0053344413396101496;0.00404040404040404;0.00404040404040404;0.0030303030303030303;0.9847873817525558;0.0060606060606061;0.006060606060606061;0.03232323232323232;0.014141414141414142;0.010101010101010102;0.7142857142857143;0.9466385661018553;0.987805331449604;0
0.8946120187469531;4.1779883344038143e-07;0.07614213197969544;0.0;0.0034864455875672743;0.003045685279187817;0.0020304568527918783;0.004;0.9547078625511329;0.0040000000000000036;0.0;0.052;0.007106598984771574;0.0040609137055837565;0.5714285714285714;0.9181989987221724;0.9794893370848563;1
0.8055663255184236;0.00014411528041439675;0.8936085748312823;0.5851528384279476;0.018444152276214282;0.011909487892020643;0.013497419610956728;0.01;0.9384481414063286;0.020000000000000018;0.01;0.06;0.00277888050813815;0.00277888050813815;1.0;0.8871243712983023;0.9693743751832322;1
0.6729687159678339;1.4373900502536376e-06;0.6597856292179436;0.3207622072250893;0.008892563069460012;0.0059547439460103215;0.0059547439460103215;0.005;0.940825384726399;0.010000000000000009;0.008;0.046;0.00277888050813815;0.00277888050813815;1.0;0.8871243712983023;0.9693743751832322;1
0.9120255399806163;1.80974864802662e-17;0.0020060180541624875;0.0020060180541624875;0.0036402523614167555;0.0020060180541624875;0.0020060180541624875;0.002;0.9905232054458147;0.0020000000000000018;0.004;0.036;0.007021063189568706;0.006018054162487462;0.8571428571428571;0.9791320025464944;0.995979915739842;0
0.9603101585829721;7.435584327932113e-05;0.23646496815286625;0.0015923566878980893;0.007775749159651541;0.004777070063694267;0.004777070063694267;0.005;0.9684575626865289;0.010000000000000009;0.012;0.066;0.005573248407643312;0.004777070063694267;0.8571428571428571;0.956295054803547;0.990400221178904;0
0.8496063954916359;0.0033102966311044984;0.08450704225352113;0.03118712273641851;0.013603477916749686;0.009054325955734407;0.008048289738430584;0.015;0.9339911292937821;0.030000000000000027;0.018;0.082;0.007042253521126761;0.006036217303822937;0.8571428571428571;0.8870930716129102;0.9693636782779403;1
0.9285469532079154;1.1959940254494724e-06;0.08651911468812877;0.0;0.010315076157456386;0.006036217303822937;0.006036217303822937;0.005030181086519115;0.9832879675981552;0.010060362173038184;0.006036217303822937;0.04024144869215292;0.014084507042253521;0.01006036217303823;0.7142857142857143;0.9468180789709013;0.9878546989284763;1
0.8796924581313744;1.9027794684193314e-06;0.00823045267489712;0.0;0.010137182609684619;0.006172839506172839;0.006172839506172839;0.0051440329218107;0.984001417737185;0.010288065843621408;0.006172839506172839;0.03497942386831276;0.01440329218106996;0.012345679012345678;0.8571428571428571;0.9458143019082971;0.9875781189723015;1
0.8209916766114651;0.0003600167068337756;0.36585365853658536;0.1483739837398374;0.028590544928921182;0.018292682926829267;0.018292682926829267;0.007113821138211382;0.952654086583564;0.010162601626016232;0.018292682926829267;0.0508130081300813;0.014227642276422764;0.014227642276422764;1.0;0.868255951958848;0.9627458542229078;1
0.9563889577164896;0.001450066551323983;0.670020120724346;0.25553319919517103;0.03392185963104488;0.02012072434607646;0.02012072434607646;0.014084507042253521;0.9591760319684092;0.02213279678068414;0.012072434607645875;0.09456740442655935;0.014084507042253521;0.012072434607645875;0.8571428571428571;0.8578821606167365;0.9589495467170174;0
0.8867613694637971;9.420573952521068e-05;0.45490981963927857;0.0;0.021035339498368524;0.012024048096192385;0.012024048096192385;0.006012024048096192;0.9659064837497947;0.008016032064128265;0.012024048096192385;0.056112224448897796;0.014028056112224449;0.01002004008016032;0.7142857142857143;0.9060690975457801;0.9756628339881112;0
0.707638418076787;0.00012908416625075452;0.0391644908616188;0.0;0.019499408810132023;0.016971279373368148;0.010443864229765013;0.005;0.9556817084294831;0.010000000000000009;0.004;0.042;0.009138381201044387;0.007832898172323759;0.8571428571428571;0.7799366792661907;0.9270256926030904;0
0.8688642766105116;0.0015634609160052654;0.8106666666666666;0.448;0.050967206474380064;0.034666666666666665;0.03333333333333333;0.021;0.9033628810834202;0.040000000000000036;0.034;0.142;0.009333333333333334;0.008;0.8571428571428571;0.7956753290197205;0.9339564713106365;1
0.9236806492045183;0.001952561349637717;0.5072847682119205;0.19205298013245034;0.03167263595841329;0.018543046357615896;0.018543046357615896;0.007;0.9630665011609565;0.016000000000000014;0.016;0.096;0.009271523178807948;0.007947019867549669;0.8571428571428571;0.8668198817444187;0.9622267089282821;1
0.920870877872256;3.3469161097641724e-05;0.32669322709163345;0.010624169986719787;0.02143029816488391;0.013280212483399735;0.013280212483399735;0.007;0.974256250657266;0.016000000000000014;0.01;0.068;0.009296148738379814;0.00796812749003984;0.8571428571428571;0.8981719699616052;0.9730869747115362;0
0.9185103582688204;7.422516123598923e-05;0.5558475689881734;0.19316688567674112;0.032380224128650374;0.01971090670170828;0.01971090670170828;0.013;0.9669489371109851;0.02400000000000002;0.016;0.098;0.009198423127463863;0.00788436268068331;0.8571428571428571;0.860185722915029;0.9598017749725636;1
0.9015556181784564;0.005020126291201358;0.7198917456021651;0.42760487144790255;0.05947989876579306;0.036535859269282815;0.036535859269282815;0.028;0.89257317133786;0.04200000000000004;0.042;0.17;0.009472259810554804;0.008119079837618403;0.8571428571428571;0.7738227143335363;0.9242662107301354;1
0.9834896803541444;1.7537696180634237e-05;0.5278514588859416;0.17506631299734748;0.024291878721943688;0.013262599469496022;0.013262599469496022;0.006;0.9747762631702748;0.010000000000000009;0.012;0.078;0.009283819628647215;0.007957559681697613;0.8571428571428571;0.8982814570406845;0.9731231350562464;1
0.9900665933783828;0.000521556826318076;0.6;0.23178807947019867;0.015058007468172261;0.007947019867549669;0.007947019867549669;0.004;0.9769174410889903;0.010000000000000009;0.01;0.048;0.009271523178807948;0.007947019867549669;0.8571428571428571;0.9331471451781965;0.9839796662252223;0
0.9661968674053396;3.918754008290514e-05;0.8596256684491979;0.5989304812834224;0.041530410474338184;0.022727272727272728;0.022727272727272728;0.015;0.9285693981573074;0.03200000000000003;0.03;0.106;0.009358288770053475;0.008021390374331552;0.8571428571428571;0.8435089370942985;0.9535135135135135;1
0.9465847888807549;2.9867915662595863e-05;0.7084432717678101;0.4102902374670185;0.04674467159901696;0.026385224274406333;0.026385224274406333;0.013;0.9432242050831189;0.02200000000000002;0.018;0.09;0.009234828496042216;0.0079155672823219;0.8571428571428571;0.8240733923966121;0.9458392349975415;0
0.9836173371233451;7.396068442390613e-05;0.6870026525198939;0.46551724137931033;0.02012081867617957;0.010610079575596816;0.010610079575596816;0.005;0.9805395269893092;0.01200000000000001;0.008;0.044;0.009283819628647215;0.007957559681697613;0.8571428571428571;0.9151890187080034;0.9785547450501275;0
0.8742750474304539;5.1716968297713066e-05;0.7493297587131368;0.29088471849865954;0.035682278529905735;0.021447721179624665;0.02546916890080429;0.012;0.9074732007186472;0.02400000000000002;0.026;0.11;0.00938337801608579;0.00804289544235925;0.8571428571428571;0.8149716984210613;0.9421175289792536;1
0.1915477579532125;0.27141010822084105;0.9700272479564033;0.8835149863760218;0.04334022030149192;0.036103542234332424;0.0170299727520436;0.014;0.917928633831284;0.028000000000000025;0.03;0.122;0.004768392370572207;0.004087193460490463;0.8571428571428571;4.8201412047310654e-05;0.0001336322736789075;1
0.7941838553537945;0.0008414956919959324;0.6451612903225806;0.29838709677419356;0.015443874366684741;0.009408602150537635;0.009408602150537635;0.008;0.9713156067732557;0.014000000000000012;0.012;0.072;0.009408602150537635;0.008064516129032258;0.8571428571428571;0.9231534479745891;0.9810057840498658;0
0.26096568678349463;0.00039218639986838525;0.39276139410187666;0.28150134048257375;0.06390722948496344;0.054959785522788206;0.032171581769437;0.011;0.9458214745425724;0.02400000000000002;0.012;0.074;0.00938337801608579;0.00804289544235925;0.8571428571428571;0.18766129545298138;0.39828464527270113;1
0.950600802580222;0.0016498798050926348;0.3506666666666667;0.14533333333333334;0.01952378358146438;0.010666666666666666;0.010666666666666666;0.013;0.9636644150966758;0.02200000000000002;0.014;0.078;0.009333333333333334;0.009333333333333334;1.0;0.9148189872202714;0.978439164009095;1
0.7951256359393676;0.0017308734075493887;0.852;0.54;0.06701296295520269;0.04666666666666667;0.042666666666666665;0.032;0.8464753468740837;0.05400000000000005;0.052;0.17;0.009333333333333334;0.008;0.8571428571428571;0.7107778124286654;0.8935616104235348;1
0.7711232601713426;6.875860853133387e-05;0.7586666666666667;0.43733333333333335;0.02780489340212846;0.016;0.02;0.012;0.9251024018364237;0.02400000000000002;0.016;0.11;0.009333333333333334;0.008;0.8571428571428571;0.8366544568165977;0.9508493923319681;1
0.7911605810485932;8.818984436118448e-07;0.484;0.09866666666666667;0.020928225239233912;0.013333333333333334;0.010666666666666666;0.011;0.9422099101633524;0.02200000000000002;0.014;0.09;0.009333333333333334;0.008;0.8571428571428571;0.8738059514686243;0.9647328182457329;1
0.8454605734651981;6.207396069775022e-05;0.6946666666666667;0.30133333333333334;0.043847673097645604;0.032;0.032;0.013;0.8984267772457721;0.02200000000000002;0.022;0.124;0.009333333333333334;0.008;0.8571428571428571;0.7956753290197205;0.9339564713106365;0
0.8886308446019249;0.0010243289989741856;0.5146666666666667;0.03333333333333333;0.040084119120838715;0.028;0.02666666666666667;0.02;0.9149735619913897;0.026000000000000023;0.024;0.096;0.009333333333333334;0.008;0.8571428571428571;0.8226105468140026;0.9452465779111194;1
0.7503669684984304;3.513382314615259e-05;0.6613333333333333;0.3293333333333333;0.02881080444241556;0.018666666666666668;0.02;0.01;0.9320152636036134;0.018000000000000016;0.026;0.102;0.009333333333333334;0.008;0.8571428571428571;0.8585594574581793;0.9592006661115737;1
0.9498852182660101;0.07698418078582268;0.9602493685603175;0.8458886260674338;0.04422996800582587;0.024796536102313273;0.024796536102313273;0.026;0.9176172679113077;0.04400000000000004;0.032;0.152;0.0001403199294391212;0.0001403199294391212;1.0;0.832415685399934;0.9491787804961253;1
0.7848880290339625;0.026789687820016967;0.951426167775018;0.7983735277621985;0.019309476437283854;0.01332024677509815;0.012519028923964426;0.023;0.9111202129657154;0.04200000000000004;0.03;0.13;0.00014021312394840157;0.00014021312394840157;1.0;0.8696675787580017;0.9632541561363659;1
0.7653001613882024;0.04833227994745486;0.9488839017352623;0.8026489800825553;0.030866018841924355;0.022081513244900413;0.019957520137859175;0.016;0.9124787079135441;0.026000000000000023;0.02;0.106;0.00014026369574800625;0.00014026369574800625;1.0;0.8268749805498551;0.9469683899128037;1

33.89093918269104;-8806.053663058734;2.795140995482459;0.5571272695801138;119.27485289460755;0.32458471407956485;0.2570303030366361;1
334.3723993878208;-14453.032179145403;2.8348218901734685;0.5836990618122501;7.761687697982623;0.3377260845541938;0.2654473885416298;1
25850.71903637979;-6262.960417276972;2.70680563179776;0.5684963694582825;134.31499002454186;0.0581465721072143;0.06852076451666948;1
24875.27911270591;-20842.03772868804;2.9064218824677974;0.5636900933993686;170.01336077916514;0.0601044094247033;0.3673064387473261;0
1768.9686486217236;-434.56769577286053;3.26345444285238;0.48103414353961027;27.257571359691227;0.5745224798320795;0.2804043189734249;1
3596.69140998528;-1653.701791135387;3.4536731001444894;0.5016916439761531;6.930451478670345;0.56169181917388;0.2738788366394235;0
411.39123147304593;-14171.88445189904;2.8337040565489007;0.5916615915601287;8.00624922250677;0.3388097132929578;0.2673809849948948;1

34.50348858409801;-8149.535855054491;2.817379210680291;0.5829632210443081;116.90464236680289;0.3215114605900796;0.25741597521907905;1
